53.78265006736115,-1.558712475397652
53.77467838181667,-1.5397684703092678
53.77467838181667,-1.5397684703092678
53.74403715168379,-1.6275753009044371
53.74403715168379,-1.6275753009044371
53.72901398057064,-1.5025562318372396
53.739283650416425,-1.5125775956579657
53.81654077771611,-1.5987888024479504
53.748538612123,-1.6358454132620837
53.79797142850327,-1.4984009537369405
53.745435125507065,-1.6065622926190282
53.781600067018786,-1.5591484131256939
53.79609353369139,-1.6210573102962809
53.84840564370343,-1.53471975381393
53.80887248300993,-1.5089162001154783
53.80841627827176,-1.5412670728214066
53.80955286565421,-1.5171087571708064
53.80955286565421,-1.5171087571708064
53.80955286565421,-1.5171087571708064
53.797151393013664,-1.5721175233637066
53.81445720856511,-1.6101995660931028
53.809996710414374,-1.55520599852217
53.769631532928805,-1.6351623673571676
53.85660138237222,-1.5630891485312388
53.781489264685696,-1.5966341570347176
53.76527243059603,-1.5601537185930472
53.84989684607287,-1.5534456880347405
53.83484110598691,-1.6017290499676022
53.81877713042717,-1.5313568013385332
53.81494616744327,-1.5172290538950806
53.81494616744327,-1.5172290538950806
53.81494616744327,-1.5172290538950806
53.81494616744327,-1.5172290538950806
53.74831986176844,-1.6656747923870476
53.90794353383725,-1.6746161738485243
53.839473916027195,-1.4385763487381675
53.79490445746749,-1.5646410673910676
53.79490445746749,-1.5646410673910676
53.78798328494058,-1.5357676560590219
53.81011951325506,-1.5172085525371806
53.770343780700074,-1.5253266402945336
53.770343780700074,-1.5253266402945336
53.770343780700074,-1.5253266402945336
53.770343780700074,-1.5253266402945336
53.805509738767945,-1.622885723970293
53.805509738767945,-1.622885723970293
53.7915276129597,-1.5629000023636135
53.7915276129597,-1.5629000023636135
53.79349524811563,-1.5317295889931803
53.78681740275517,-1.4023057104365249
53.81091602266701,-1.509712404951321
53.81091602266701,-1.509712404951321
53.81369040406115,-1.5024507370005775
53.81369040406115,-1.5024507370005775
53.79628059296743,-1.5314860418054583
53.90921374143302,-1.6723838742971815
53.81465742721779,-1.5614292992735663
53.776025267800634,-1.5862923479555096
53.7967553916128,-1.5403771010562846
53.81710272674826,-1.5948343512816598
53.81710272674826,-1.5948343512816598
53.793008901221114,-1.5851993655512777
53.752545179488635,-1.4570243420659124
53.74855163225377,-1.517322902397092
53.814261698268105,-1.544468659616462
53.814261698268105,-1.544468659616462
53.74371988020089,-1.4672817172885002
53.74371988020089,-1.4672817172885002
53.79675221490352,-1.5490153947733922
53.78464630541701,-1.5946308780649603
53.79937957662925,-1.54500942734983
53.795431485375794,-1.6611561443307028
53.7862430958688,-1.3777410194714943
53.900820127493326,-1.4669146733696206
53.900820127493326,-1.4669146733696206
53.900820127493326,-1.4669146733696206
53.900820127493326,-1.4669146733696206
53.900820127493326,-1.4669146733696206
53.80998794784624,-1.5552668362289552
53.79648849550306,-1.5364176765040416
53.90680129408862,-1.5258062017143226
53.74577613698661,-1.547771874456085
53.74577613698661,-1.547771874456085
53.87389621785623,-1.7128883965985715
53.87389621785623,-1.7128883965985715
53.87389621785623,-1.7128883965985715
53.87389621785623,-1.7128883965985715
53.87389621785623,-1.7128883965985715
53.87389621785623,-1.7128883965985715
53.88690464840653,-1.6465725898340808
53.728309939962074,-1.462307946018821
53.728309939962074,-1.462307946018821
53.83293490867197,-1.538750556086591
53.83293490867197,-1.538750556086591
53.815201396051194,-1.5602541375519883
53.799039996677344,-1.52920832079417
53.80400355419229,-1.5229272661232687
53.80493043719665,-1.5393159423436034
53.80493043719665,-1.5393159423436034
53.80493043719665,-1.5393159423436034
53.80493043719665,-1.5393159423436034
53.76977867255912,-1.5166092517168426
53.83471662357075,-1.6512816272619357
53.80261320317117,-1.5350899213097686
53.80261320317117,-1.5350899213097686
53.792635306974795,-1.4286667424821688
53.78272168995311,-1.5586358423651876
53.78272168995311,-1.5586358423651876
53.817592539024496,-1.5727904168516649
53.79580842490156,-1.4363356942379422
53.77557534638383,-1.5392882745419103
53.77557534638383,-1.5392882745419103
53.79663865922257,-1.5547096481902065
53.81054395659727,-1.5697184514582332
53.81054395659727,-1.5697184514582332
53.80924504760947,-1.5077121531234627
53.71610788186486,-1.5364226087766693
53.81265309452479,-1.5589746950527839
53.82819662267928,-1.511090812204682
53.821069407154795,-1.5774488591050972
53.83268488168555,-1.5912957212527896
53.894560811090244,-1.367931649538794
53.712884660595705,-1.5420185397905162
53.77157801777443,-1.5566133691503798
53.77157801777443,-1.5566133691503798
53.79126728341951,-1.5139184667404506
53.88569949257609,-1.7293295604436971
53.88569949257609,-1.7293295604436971
53.74697579023962,-1.5512921004553597
53.86467587153611,-1.6712870970172433
53.80843553363718,-1.5887373077990887
53.79678763660423,-1.5561047672479311
53.749405064354065,-1.4563065898057563
53.856349507202864,-1.657152724603073
53.80142012971628,-1.4977524903152777
53.80142012971628,-1.4977524903152777
53.80142012971628,-1.4977524903152777
53.85207671182584,-1.685416652868826
53.828738718600455,-1.6045824100803696
53.79782124494958,-1.6332782876366683
53.79608714028317,-1.664187097499295
53.8083959994668,-1.5748124455418198
53.80148095095622,-1.486637648453291
53.79807541526187,-1.5400590367918092
53.802098984701004,-1.6450536382570895
53.802098984701004,-1.6450536382570895
53.828471444459055,-1.5014248871622904
53.828471444459055,-1.5014248871622904
53.828471444459055,-1.5014248871622904
53.781089323132306,-1.5547072499834824
53.840351416675645,-1.4613909726784495
53.840351416675645,-1.4613909726784495
53.85699571794359,-1.4590641036258638
53.81292810623967,-1.5754196616029486
53.81292810623967,-1.5754196616029486
53.82683810596711,-1.4584346023384998
53.77451106274543,-1.552561515046265
53.84074064236727,-1.5946975212593995
53.84074064236727,-1.5946975212593995
53.75159958188793,-1.5311641435581351
53.824839832352595,-1.507848476958394
53.81068958105843,-1.5752752174877092
53.807890745030704,-1.58713297634809
53.807890745030704,-1.58713297634809
53.807890745030704,-1.58713297634809
53.83515554865735,-1.538908514408726
53.85517084193313,-1.5225738783108471
53.76180269964241,-1.5879034409631523
53.74530691155014,-1.3254569635231808
53.86093937229197,-1.3466041261217214
53.75014210346152,-1.6057146195085463
53.78261681351849,-1.5925105618081365
53.7969351449647,-1.540375136787537
53.7966809299942,-1.539709930858627
53.7490409675449,-1.4572818055111179
53.83578643115798,-1.5393574562532928
53.82720275041721,-1.5054355734318057
53.80878029400015,-1.634154606298761
53.842477780150716,-1.5596645832412024
53.80169046743692,-1.489398450597974
53.80382848422696,-1.6816627664798014
53.81054769662446,-1.5887318333097498
53.81054769662446,-1.5887318333097498
53.81054769662446,-1.5887318333097498
53.80960591320057,-1.5191279039108012
53.80960591320057,-1.5191279039108012
53.797179432422105,-1.5599871272706423
53.80579317284769,-1.6273019282005492
53.90155004833673,-1.6271356819705531
53.90155004833673,-1.6271356819705531
53.79384068450504,-1.4579335432653693
53.85248708128383,-1.5326374927961215
53.85248708128383,-1.5326374927961215
53.814261128249974,-1.5762111501610676
53.814261128249974,-1.5762111501610676
53.814261128249974,-1.5762111501610676
53.81692364395744,-1.6226162576123966
53.801356962289226,-1.4976925120833957
53.806844325660435,-1.5345116579563114
53.811458336017466,-1.542342513476296
53.779608736307864,-1.552947406833743
53.795785863308296,-1.5903335566161145
53.790418373921185,-1.4312166118862804
53.8059852337669,-1.5496300564630643
53.790751466449166,-1.5745202251912755
53.790751466449166,-1.5745202251912755
53.8012781082693,-1.6470950944435427
53.80912212852457,-1.5667413747701455
53.8330670629861,-1.592674709337676
53.800814376958236,-1.5441436597456872
53.77236189991493,-1.531115022957416
53.7681957404102,-1.5163543439924485
53.7681957404102,-1.5163543439924485
53.832596322564754,-1.6546875714091778
53.80077204371224,-1.5495947887274082
53.80780100965942,-1.6493485373829306
53.80278782986438,-1.5200865288954306
53.812284105358245,-1.576307015714333
53.812284105358245,-1.576307015714333
53.76366755796606,-1.6485783445136295
53.80478126222042,-1.5426125865839784
53.80478126222042,-1.5426125865839784
53.825935716181654,-1.6022388371456455
53.81481235351705,-1.6434882662274173
53.835480745466846,-1.618802658825068
53.84442714426571,-1.5240639386737904
53.730438746404,-1.4580063442798217
53.730438746404,-1.4580063442798217
53.730438746404,-1.4580063442798217
53.82622776859614,-1.5746927902792198
53.742867276499624,-1.599247849262227
53.88448467471558,-1.7286832346589873
53.82052859517484,-1.5770137852705222
53.82052859517484,-1.5770137852705222
53.80146180191259,-1.664129006964807
53.80146180191259,-1.664129006964807
53.81962709532449,-1.576248182561901
53.7631974103689,-1.395299015514671
53.85862421109186,-1.660585407062284
53.75798364582759,-1.5702252001139358
53.75798364582759,-1.5702252001139358
53.78551367583648,-1.5601850086805509
53.815095874133874,-1.4536193896077938
53.815095874133874,-1.4536193896077938
53.78688574926112,-1.5617947027292798
53.78688574926112,-1.5617947027292798
53.79963277295336,-1.5501839251273957
53.73212385792496,-1.4960924576885934
53.75570927914745,-1.4551028797204029
53.79677876271696,-1.532467289687866
53.85916438705255,-1.6908825828441483
53.746633725151604,-1.6020779097248625
53.746633725151604,-1.6020779097248625
53.78707792649297,-1.6180270231622196
53.82765590077343,-1.4584088670473279
53.784371766805656,-1.5408766208281246
53.784371766805656,-1.5408766208281246
53.7816519166638,-1.5684659411443451
53.77138073012081,-1.3647910634511382
53.77138073012081,-1.3647910634511382
53.804673102618295,-1.3614638402419306
53.804673102618295,-1.3614638402419306
53.93797597219707,-1.3859208833996801
53.90041648653273,-1.7079584617342378
53.783073753352475,-1.3784101356744847
53.783073753352475,-1.3784101356744847
53.80036844908869,-1.5042177449012184
53.80036844908869,-1.5042177449012184
53.79777426622354,-1.509410161456115
53.7903988966826,-1.539869739445923
53.79547899284985,-1.5925985121187696
53.724714866117424,-1.571685804150733
53.796155978571015,-1.5159418064969032
53.862754591730024,-1.5499636840247375
53.862754591730024,-1.5499636840247375
53.802393263686184,-1.5457208132989269
53.814261698268105,-1.544468659616462
53.814261698268105,-1.544468659616462
53.81586949036124,-1.5188587956511757
53.809642126117154,-1.5059155368026236
53.75100327874621,-1.5373125967944783
53.88187049625288,-1.4483227488398647
53.79683560462535,-1.5569240618734292
53.87309177276818,-1.7599962108885219
53.74339192900021,-1.5083452970191915
53.74339192900021,-1.5083452970191915
53.74339192900021,-1.5083452970191915
53.778918087078885,-1.5275213755594417
53.77172825712089,-1.5583566170223309
53.77172825712089,-1.5583566170223309
53.7754550083561,-1.620423723327042
53.83981247579128,-1.514131770308358
53.77903667664396,-1.5513904502748728
53.79000510905905,-1.547402849581889
53.78439287535996,-1.5416959493151516
53.90067563682198,-1.7148204420955977
53.78854900965882,-1.5521845651469655
53.78854900965882,-1.5521845651469655
53.77110138885449,-1.5169733701554784
53.791890050076155,-1.5515114534705194
53.73231587042117,-1.4990157105770006
53.90184837720842,-1.3375953721712017
53.80251916961429,-1.6760396025728308
53.83424149930146,-1.6025096796310057
53.798672555890114,-1.5364087852388153
53.84223936171346,-1.5463233097884286
53.82322481650408,-1.5107385049553466
53.79951606453979,-1.5089495505296995
53.812076836566064,-1.6134260876546418
53.82983105720504,-1.603311077546186
53.81073808297215,-1.5563827033228774
53.82454154312567,-1.4534509838506213
53.74513357716476,-1.4698870288502557
53.72865993525552,-1.5017116189434259
53.72865993525552,-1.5017116189434259
53.79711344844249,-1.5470834580155985
53.842090641171986,-1.5264308962004867
53.84860169075815,-1.6044561646075135
53.76128709148322,-1.5715718404036136
53.74123556260979,-1.5085372292712944
53.74123556260979,-1.5085372292712944
53.74123556260979,-1.5085372292712944
53.81771875078598,-1.5160580254329121
53.81771875078598,-1.5160580254329121
53.7835932685009,-1.5033833931698353
53.72176871178362,-1.547741388421437
53.72176871178362,-1.547741388421437
53.72176871178362,-1.547741388421437
53.72176871178362,-1.547741388421437
53.79597567256521,-1.5409625067216524
53.798385665009924,-1.527378614259032
53.798385665009924,-1.527378614259032
53.798385665009924,-1.527378614259032
53.798385665009924,-1.527378614259032
53.79186205678143,-1.5785012516355372
53.81602870881655,-1.5653032290913769
53.80076497847849,-1.5359454146810751
53.7760997255633,-1.5377499587080545
53.7760997255633,-1.5377499587080545
53.788693672183754,-1.4036603114921746
53.77588179789199,-1.5371757419392056
53.85172784336447,-1.5408546846547027
53.811772659406586,-1.5375855903473135
53.811772659406586,-1.5375855903473135
53.79116915529305,-1.4322234892318966
53.79116915529305,-1.4322234892318966
53.81478689602047,-1.6038327561099577
53.78213800445437,-1.528077097447487
53.77890289583145,-1.4103850699441571
53.715361544220585,-1.5340216169420686
53.83105821726573,-1.568232079568557
53.85372770587495,-1.5588472775625193
53.80076411818064,-1.554696334365945
53.80076411818064,-1.554696334365945
53.81522654624685,-1.4957953176375682
53.79848097664348,-1.5595180483758562
53.83989528937771,-1.589265136398844
53.79546424791381,-1.3916319547901421
53.79194914543583,-1.5751608406070705
53.74336490372102,-1.5083304500652461
53.873968664637154,-1.713116040927514
53.80546195366621,-1.5491041996128294
53.80546195366621,-1.5491041996128294
53.7421016476734,-1.4262894012718412
53.742681772533786,-1.5895762895302752
53.78332207114553,-1.379499193182745
53.739043951319275,-1.5267859299270035
53.73222437824193,-1.4964853706380614
53.80990672119229,-1.5551765781545293
53.9365545628542,-1.375202971547951
53.9365545628542,-1.375202971547951
53.9365545628542,-1.375202971547951
53.93775950029162,-1.3857717333819484
53.74572590872888,-1.4820252368968712
53.74572590872888,-1.4820252368968712
53.74572590872888,-1.4820252368968712
53.80429839484614,-1.5224835787019835
53.78899460787078,-1.5232037260775835
53.806628681391544,-1.6389414119811714
53.82244012645343,-1.5326071654918416
53.80719872256208,-1.3890780474335493
53.8177542724741,-1.5159512928209211
53.815994913090385,-1.602211401408703
53.80643176513497,-1.5836851339515847
53.80643176513497,-1.5836851339515847
53.7958173411096,-1.4363203935273738
53.76241163732922,-1.611470190534657
53.76192331693603,-1.4969949766927835
53.76192331693603,-1.4969949766927835
53.79839621795161,-1.5488004000161801
53.796497445996835,-1.538740330075049
53.796497445996835,-1.538740330075049
53.90353095450148,-1.4521470028189638
53.90353095450148,-1.4521470028189638
53.81548548513379,-1.5172380475196698
53.771147288986405,-1.5495628187827784
53.821364805600595,-1.4956609062748316
53.821364805600595,-1.4956609062748316
53.83329275277335,-1.6204027557260585
53.83329275277335,-1.6204027557260585
53.81555039136926,-1.6561641613133298
53.75306619530061,-1.386147813008624
53.75306619530061,-1.386147813008624
53.83018515775893,-1.4592119061205975
53.79395550257408,-1.4322314183599274
53.90104657877387,-1.7046667298384974
53.831231257377894,-1.554099946686167
53.84715509685253,-1.6700714933348453
53.730490938655635,-1.5707631514620155
53.831425539248016,-1.5531710501999707
53.8177228307249,-1.523819592771896
53.90105547616313,-1.6213111225590588
53.751463030667104,-1.4483637930720579
53.83569875530238,-1.4701729254805218
53.80059637004268,-1.5830596708370845
53.74451874983523,-1.6234923077558359
53.73686520371538,-1.6080066619384792
53.834904129592054,-1.6508546049522632
53.76580880033041,-1.5667623660920473
53.826109219071775,-1.6371485086326278
53.826109219071775,-1.6371485086326278
53.82461696730625,-1.619645595888959
53.81422574768218,-1.5444690492179216
53.795751618230874,-1.5677596059715178
53.81589655148035,-1.60236421580475
53.79343688537272,-1.430902547521164
53.72525520044155,-1.5847596757961881
53.807379075072326,-1.450545942254539
53.83776786810127,-1.640558138331438
53.757266634037,-1.5707937025290195
53.757266634037,-1.5707937025290195
53.757266634037,-1.5707937025290195
53.757266634037,-1.5707937025290195
53.81457734542001,-1.6168051778191752
53.827379166567425,-1.5826420183804433
53.788925320540336,-1.5843289066780466
53.8169624025216,-1.5201980868640317
53.79012316417575,-1.5647360818483782
53.80215838840247,-1.5383442040603565
53.81763352918666,-1.5083581624312026
53.791174984824025,-1.5850960112266843
53.84593936967916,-1.6011678122189659
53.81541941834389,-1.4946386966379104
53.80611307149344,-1.57482034554566
53.77416859791527,-1.538089804392232
53.77416859791527,-1.538089804392232
53.80858742553477,-1.5095421466145185
53.812571624389214,-1.4699633072669982
53.83513119488233,-1.6365083592101513
53.80315713220343,-1.6040486048940419
53.80902097446955,-1.680697125531874
53.775258284520305,-1.6207441441514414
53.75644867432626,-1.6330773398193494
53.784410911010646,-1.560940207823791
53.784410911010646,-1.560940207823791
53.79427839944324,-1.5654976585479412
53.75330203052616,-1.4456401855033834
53.820660460138136,-1.4970212829023506
53.7986569758675,-1.441960488596367
53.735495361162236,-1.5752600120195137
53.735495361162236,-1.5752600120195137
53.81473038258741,-1.561717109335557
53.81442986718706,-1.5140151531160309
53.79904446991132,-1.5419765919790682
53.79904446991132,-1.5419765919790682
53.835710787375504,-1.5502231120597547
53.80287480428787,-1.698705992930552
53.815983825473666,-1.5653188816792498
53.815983825473666,-1.5653188816792498
53.82344196187879,-1.4258476931843929
53.75251122579928,-1.383092441959733
53.810689517929156,-1.5855412842544243
53.80497305962621,-1.5701854377988738
53.80497305962621,-1.5701854377988738
53.815643070995655,-1.5139707486949792
53.779701462751675,-1.5709595137660746
53.78619750410796,-1.527287862120261
53.83557178482326,-1.5637030118514277
53.817043517173836,-1.5700620147835234
53.85793008863901,-1.689736203444786
53.797651128375314,-1.5611663722731854
53.78009534725701,-1.5680114619792322
53.84271807493736,-1.5842069651260826
53.81520542297919,-1.4461453664921415
53.8011119790102,-1.549166022749343
53.79954772457393,-1.5490765136269193
53.79954772457393,-1.5490765136269193
53.90228393298515,-1.6290316094948802
53.797671600611764,-1.6716135018778733
53.79879758762659,-1.5385329175493698
53.804246009742364,-1.6386581852275928
53.80091717685584,-1.5980572463448606
53.828804022201474,-1.546772268721017
53.80214015194285,-1.5244667499011213
53.82183994088648,-1.4562660061213377
53.83308294302426,-1.6398233000157962
53.83308294302426,-1.6398233000157962
53.81426579399122,-1.5551456384481652
53.81426579399122,-1.5551456384481652
53.80990672119229,-1.5551765781545293
53.80850932400226,-1.5168777715508328
53.80850932400226,-1.5168777715508328
53.79624293921006,-1.4725981243862927
53.837269967502195,-1.455731925457546
53.84898547630119,-1.5524825590927496
53.76008554227857,-1.6349416861167974
53.78892875163853,-1.5362125834995717
53.8303851537959,-1.5863953652164957
53.8303851537959,-1.5863953652164957
53.80717827871526,-1.5635876922394218
53.80982143355349,-1.5190798800413234
53.80982143355349,-1.5190798800413234
53.81254539146782,-1.5764866282568057
53.83317052212628,-1.5439597316568494
53.78119026887756,-1.5959237587035393
53.806031791278,-1.623123998851831
53.82827950708102,-1.5137941825496883
53.78113700653657,-1.5961215555450332
53.806312413711424,-1.5752738771509338
53.806312413711424,-1.5752738771509338
53.750939871659845,-1.6333679483061556
53.78030877079024,-1.5698758608660162
53.78030877079024,-1.5698758608660162
53.78030877079024,-1.5698758608660162
53.78030877079024,-1.5698758608660162
53.80444927030816,-1.5357377286977267
53.80640190223448,-1.5828502580762354
53.80640190223448,-1.5828502580762354
53.80640190223448,-1.5828502580762354
53.808151989531574,-1.5522035824984157
53.749141174302515,-1.6020087390385145
53.84384537498165,-1.543205462063296
53.81454184713506,-1.517264073652711
53.818802461941175,-1.5173366504158903
53.818802461941175,-1.5173366504158903
53.82705403423737,-1.5694734294457544
53.800943151120684,-1.497606356874652
53.82828361457753,-1.5664830295050154
53.85668124964627,-1.5908644494278508
53.842682560910866,-1.5817452307066824
53.82395007560497,-1.4864087308128442
53.770525594483686,-1.5788362546079608
53.770525594483686,-1.5788362546079608
53.77140605189402,-1.5490593635582544
53.82703182033799,-1.560859562070514
53.72948704594502,-1.5640587235418486
53.81709218876666,-1.5167031715368835
53.82753347214572,-1.567827717328924
53.82773424653924,-1.6052451465015902
53.73064627918596,-1.571473978799949
53.81036108373107,-1.5351409207310958
53.79128444245106,-1.543457595932967
53.797444146897796,-1.4617584534560852
53.84839869047745,-1.510369157662997
53.83738636547881,-1.5968421526475356
53.75093065205118,-1.633292204031028
53.81875622306668,-1.5147853546341876
53.841456518779616,-1.6357849229352497
53.77141572381786,-1.549241327902662
53.79588687899442,-1.47134254865777
53.92890458274941,-1.3854143575902746
53.80438384878778,-1.568794512422298
53.779465222613396,-1.5677447753828244
53.819448253061566,-1.576508209929871
53.84277555753051,-1.5826409921191333
53.910404193576376,-1.316604761374179
53.8051216140225,-1.6880759899298798
53.8051216140225,-1.6880759899298798
53.829990652672976,-1.5687900165743294
53.80423864312851,-1.5417378063819034
53.80423864312851,-1.5417378063819034
53.86092740513705,-1.3460569378541203
53.89095307505725,-1.6668055466406244
53.828887093601125,-1.5379137993490613
53.743841182509215,-1.5017747268873138
53.77788816564428,-1.526182390829637
53.79969668224992,-1.4629897785465311
53.79385435296098,-1.609479663910989
53.80453075091083,-1.6174281762817766
53.82259196675103,-1.5098344234722012
53.796428980144384,-1.5372988514996797
53.80273482089922,-1.653490341041525
53.803302782256104,-1.6973363890606457
53.79974130431688,-1.526983815608334
53.74147860354084,-1.508625364522083
53.817706903991656,-1.5499753211531213
53.80848450923649,-1.4544646105059074
53.814701641846746,-1.5349714144878066
53.814701641846746,-1.5349714144878066
53.797649366489935,-1.5140572553438834
53.84244984443485,-1.5332355539107778
53.77954583878372,-1.5676680712112285
53.80382077045188,-1.547679315266397
53.833439643114275,-1.6479645918585435
53.833439643114275,-1.6479645918585435
53.85445536606786,-1.3575900788793995
53.79884719026936,-1.5397469520754228
53.79884719026936,-1.5397469520754228
53.79884719026936,-1.5397469520754228
53.79648020718204,-1.5342771929541725
53.811571499741525,-1.522932504140026
53.811571499741525,-1.522932504140026
53.811571499741525,-1.522932504140026
53.811571499741525,-1.522932504140026
53.799167249019995,-1.5388325085125565
53.799167249019995,-1.5388325085125565
53.90620931956659,-1.3800242208517468
53.82060638754569,-1.5211590297438917
53.805672743229756,-1.6261489621377483
53.805672743229756,-1.6261489621377483
53.805672743229756,-1.6261489621377483
53.74988893567443,-1.5998331471372178
53.75334089902321,-1.5328585030071988
53.81524169045665,-1.4481649224041584
53.82782187307127,-1.6018411649530484
53.82782187307127,-1.6018411649530484
53.82782187307127,-1.6018411649530484
53.82782187307127,-1.6018411649530484
53.74378794910064,-1.501942142714013
53.819007077501084,-1.5145849943485998
53.80764541047867,-1.586360930721283
53.773733361232665,-1.5811256556168438
53.819563747529074,-1.5012875392587706
53.83234202275187,-1.638522943180083
53.88324002270476,-1.612390017801913
53.75709315068765,-1.5700371125195254
53.79329052140323,-1.5657203849693968
53.73316224723349,-1.581453039170398
53.73316224723349,-1.581453039170398
53.81849428930883,-1.5122517569549183
53.827183280406025,-1.536595600574382
53.827183280406025,-1.536595600574382
53.79798928514565,-1.4414076147401909
53.897780846414804,-1.5902502627000301
53.80390551769223,-1.660571622114543
53.80390551769223,-1.660571622114543
53.78402918496842,-1.5429595915692913
53.78402918496842,-1.5429595915692913
53.78402918496842,-1.5429595915692913
53.82411250149062,-1.4865586594046376
53.82411250149062,-1.4865586594046376
53.82411250149062,-1.4865586594046376
53.82411250149062,-1.4865586594046376
53.92845692050246,-1.4219865662811388
53.83988898296673,-1.526531710417541
53.82359189996372,-1.458096664690725
53.807196163168584,-1.6609398777238384
53.81601639338602,-1.468461769445564
53.76310594336797,-1.5649850217927783
53.79291083399329,-1.5601835768068437
53.81883841236003,-1.5173362375269663
53.78626461598499,-1.4995119013499276
53.8016286959839,-1.6627460058107322
53.781513844653745,-1.543305604078477
53.820889172331555,-1.5773139596785652
53.7727547018166,-1.4232619552417858
53.85388295532973,-1.6922288465936222
53.85388295532973,-1.6922288465936222
53.85388295532973,-1.6922288465936222
53.85388295532973,-1.6922288465936222
53.85388295532973,-1.6922288465936222
53.85388295532973,-1.6922288465936222
53.85388295532973,-1.6922288465936222
53.85388295532973,-1.6922288465936222
53.85388295532973,-1.6922288465936222
53.85388295532973,-1.6922288465936222
53.79076270574468,-1.5409890296826219
53.7454549562183,-1.6297310714877506
53.7454549562183,-1.6297310714877506
53.7834658401526,-1.6357254048179912
53.820586252501975,-1.447441559394759
53.73087679844108,-1.5118562727820943
53.73087679844108,-1.5118562727820943
53.73180660304726,-1.5128459409161545
53.73180660304726,-1.5128459409161545
53.73180660304726,-1.5128459409161545
53.73180660304726,-1.5128459409161545
53.77423588541123,-1.5439308060163504
53.78894334858129,-1.5843439072083207
53.74018143945667,-1.417643354912284
53.79651384509745,-1.538330252642795
53.79604571450448,-1.5428290325343201
53.803960117466474,-1.5684344399353212
53.85862421109186,-1.660585407062284
53.79609353369139,-1.6210573102962809
53.870177902483185,-1.692185377832753
53.870177902483185,-1.692185377832753
53.79988478957894,-1.55510039241589
53.79896136431171,-1.5557326334665968
53.79896136431171,-1.5557326334665968
53.737220977732186,-1.5960421300404553
53.737220977732186,-1.5960421300404553
53.79626026153032,-1.5425230746653094
53.805301588458555,-1.6224320550316609
53.777412392186186,-1.5845488255867874
53.899821458567594,-1.3718700868985911
53.899821458567594,-1.3718700868985911
53.84655554190249,-1.6984231089120918
53.8209433351718,-1.579941318977131
53.83785159424115,-1.5935400887008884
53.79942463009636,-1.545039304823611
53.79332059185332,-1.5591773978809853
53.8021491997451,-1.5244818310233206
53.798057596193125,-1.5767387926495346
53.8217451963098,-1.5160116555570469
53.78042635133797,-1.5626207377458818
53.78042635133797,-1.5626207377458818
53.80954550407168,-1.5108521615977581
53.76367904114841,-1.5129778991241125
53.86325415151316,-1.6161935583802676
53.746791666753765,-1.5245002224973199
53.805072390913345,-1.5779133136952703
53.805072390913345,-1.5779133136952703
53.80998766646894,-1.555190907956233
53.73320211723118,-1.587773755904841
53.73320211723118,-1.587773755904841
53.73320211723118,-1.587773755904841
53.820459859678124,-1.5804778020706327
53.823026020677716,-1.4234531901106506
53.823026020677716,-1.4234531901106506
53.75583808286301,-1.38333188336602
53.82421799676812,-1.6668639113252395
53.74749735576134,-1.636294156717057
53.81516742244141,-1.5322475849350803
53.81516742244141,-1.5322475849350803
53.798953500321005,-1.5560363617857615
53.80187780662277,-1.5642652146012037
53.77114717505286,-1.5495324755391924
53.77114717505286,-1.5495324755391924
53.748648679587184,-1.6306886761004595
53.82276075819251,-1.4492662578826188
53.77382557131889,-1.5495189885189817
53.78627066403255,-1.5415085421728647
53.77554428631114,-1.5452822740396106
53.72685041299602,-1.5186019698261994
53.799539260596,-1.5468295974685107
53.806484527625344,-1.5367630207346359
53.806484527625344,-1.5367630207346359
53.81273311632134,-1.651646231786837
53.82214495830073,-1.4601205000113109
53.86553962409125,-1.7026813250007138
53.84028584018381,-1.6627092426471266
53.873682457744415,-1.5976797034818235
53.850853178748466,-1.5592879144844924
53.80242680626722,-1.4505802900051101
53.80693484631149,-1.5487998867301649
53.81634738683489,-1.5469673553903007
53.82380334366604,-1.531847630251615
53.813263554417105,-1.4906854981599282
53.81073808297215,-1.5563827033228774
53.802011745754406,-1.499521882556417
53.748736321108886,-1.5368067449917977
53.81522071101928,-1.601839024818444
53.790076773073885,-1.5618677208461813
53.79353537827502,-1.5468639176345678
53.81264035217113,-1.5341892951996168
53.81258053479454,-1.5637138574890008
53.81685281631156,-1.569517171420387
53.894840014259906,-1.6402058692795312
53.77745694107827,-1.5448063762745523
53.80334637177108,-1.5364179953309567
53.81569225494687,-1.5642283388722804
53.79754076176463,-1.4612562170014034
53.74682834841545,-1.5800739150146799
53.78433042179515,-1.568484005500356
53.82679232345055,-1.4703308332272556
53.80102549309513,-1.554890945946155
53.80102549309513,-1.554890945946155
53.80102549309513,-1.554890945946155
53.841382859889535,-1.5339009119398062
53.7882297779246,-1.5485451483097439
53.82556570765626,-1.5073234491855212
53.812284105358245,-1.576307015714333
53.8478934487806,-1.4968622501026363
53.84974849782785,-1.4644321469086312
53.814168076422725,-1.455150233927966
53.83001011701662,-1.6586439254440437
53.77828080928498,-1.5683032313324476
53.77828080928498,-1.5683032313324476
53.74867123141436,-1.5409169421476283
53.81599330330336,-1.6044441103663296
53.81599330330336,-1.6044441103663296
53.82200590308108,-1.338915612120846
53.820388167036064,-1.5319160565498922
53.82996724423174,-1.5383273359019638
53.79664746489885,-1.3857092143853387
53.815417965893836,-1.6356460370133663
53.87268820655327,-1.696775252359618
53.81474824700242,-1.5616865471343975
53.859143191363245,-1.615106056843912
53.81666001697382,-1.6639620284893382
53.81666001697382,-1.6639620284893382
53.811949544747606,-1.627171422111302
53.80392410213682,-1.5759812815574907
53.7962076138447,-1.549992835485802
53.80820648371225,-1.4506566134361853
53.800802098658025,-1.4961201110126758
53.81044973616607,-1.5233704545097577
53.806739530526364,-1.5193277240698078
53.796266025516225,-1.6216022816462676
53.90169554898474,-1.6276822874401649
53.79502370640468,-1.5295568915246247
53.79502370640468,-1.5295568915246247
53.79502370640468,-1.5295568915246247
53.82312303906118,-1.6134156306961809
53.76971451137517,-1.5782223280528984
53.791212541011795,-1.5434583762095413
53.82295476641544,-1.5794047217153988
53.80983029946668,-1.5190494061855906
53.83021592769477,-1.6583231897486062
53.83021592769477,-1.6583231897486062
53.76011883169955,-1.519435250852893
53.79307021412418,-1.5403566458200226
53.81565602854895,-1.564152772975124
53.76316230769674,-1.5276071493724988
53.7387105574372,-1.5475293109605006
53.7387105574372,-1.5475293109605006
53.859774868320336,-1.551105552067883
53.80402635231793,-1.5286969709414318
53.80402635231793,-1.5286969709414318
53.73011455172217,-1.5685691539971702
53.73011455172217,-1.5685691539971702
53.730283433468614,-1.4044262332064328
53.851647908688705,-1.4671137578984557
53.797599650745475,-1.5402160573294759
53.7489430628318,-1.4736301684135062
53.81578860404848,-1.5211076003051256
53.85117445436475,-1.4637298974588873
53.805151238453234,-1.5824678683438025
53.80213657398076,-1.5420340151570366
53.80422192235598,-1.6396149916866576
53.756239736990715,-1.662957762397062
53.77890289583145,-1.4103850699441571
53.77890289583145,-1.4103850699441571
53.80616613673644,-1.5745768512589045
53.80616613673644,-1.5745768512589045
53.80377583212075,-1.5476797986491027
53.79112206550735,-1.56507487425966
53.797093674104595,-1.59698552824328
53.797093674104595,-1.59698552824328
53.797093674104595,-1.59698552824328
53.750642108586234,-1.5486750327402075
53.84189898882778,-1.636464984471168
53.80961528833965,-1.5059462245194908
53.80087304038033,-1.5549836572223172
53.79605408024021,-1.5668911690483494
53.797285815066246,-1.5357408949508102
53.80587701029799,-1.5105152213210569
53.84846889847275,-1.5233493094074764
53.866059490668526,-1.6879425655775553
53.866059490668526,-1.6879425655775553
53.866059490668526,-1.6879425655775553
53.866059490668526,-1.6879425655775553
53.866059490668526,-1.6879425655775553
53.74533835556854,-1.6240308499717266
53.74533835556854,-1.6240308499717266
53.72856999890553,-1.458181936704192
53.73228916059314,-1.4990766610544488
53.80521096609207,-1.452077551875234
53.812403075389355,-1.6285038634637805
53.804645655623126,-1.3613731503210973
53.90534800717098,-1.6497351688191033
53.909041523107085,-1.6957663519144415
53.80232409480702,-1.4862325833281214
53.820306233653355,-1.4982862943032056
53.820306233653355,-1.4982862943032056
53.87058421354772,-1.6894145192338055
53.87058421354772,-1.6894145192338055
53.87058421354772,-1.6894145192338055
53.77010602326116,-1.5499229115389257
53.796798588377094,-1.60283321689725
53.79902257034617,-1.5828019911095865
53.78675623758639,-1.5253843502217137
53.78675623758639,-1.5253843502217137
53.807173187975444,-1.4707298936503084
53.807173187975444,-1.4707298936503084
53.757249501671225,-1.333001060815296
53.8171892771965,-1.5706073221945769
53.802850302376505,-1.6530186975354146
53.77890289583145,-1.4103850699441571
53.77890289583145,-1.4103850699441571
53.77890289583145,-1.4103850699441571
53.81490621458828,-1.529805216773138
53.810562526566244,-1.5246144668815882
53.810562526566244,-1.5246144668815882
53.810562526566244,-1.5246144668815882
53.79351403868891,-1.5909628908957025
53.77743015067612,-1.5448521894994016
53.77743015067612,-1.5448521894994016
53.77114717505286,-1.5495324755391924
53.77114717505286,-1.5495324755391924
53.81505517913485,-1.517516375815019
53.84415729281092,-1.5083972013710996
53.72839083354559,-1.4703855367825944
53.811203550389834,-1.5230733602289699
53.81322604242781,-1.5208634216393992
53.81322604242781,-1.5208634216393992
53.81322604242781,-1.5208634216393992
53.81322604242781,-1.5208634216393992
53.81322604242781,-1.5208634216393992
53.81429493578186,-1.4553764075389912
53.81037646442138,-1.6073823646631924
53.71170105006051,-1.54512215827196
53.82199107652054,-1.608033395177679
53.931677512258595,-1.3758545529131456
53.81040491865361,-1.52340133548347
53.81040491865361,-1.52340133548347
53.81641090337068,-1.5171514749872628
53.764493659090824,-1.4947949822934903
53.795442162217014,-1.6003563447121787
53.81137395311821,-1.522980306338021
53.81137395311821,-1.522980306338021
53.81022674163579,-1.5126058532727003
53.819007077501084,-1.5145849943485998
53.80553665430662,-1.6228702980003928
53.810589489446336,-1.5246141619786109
53.87161225539604,-1.708721691343868
53.786233903335365,-1.6211309214379175
53.84314415472434,-1.6011791620889155
53.81781246582604,-1.5237578207950537
53.72829147952194,-1.5868668839017777
53.79350724573501,-1.5942570763859523
53.79350724573501,-1.5942570763859523
53.79350724573501,-1.5942570763859523
53.79350724573501,-1.5942570763859523
53.81036840950048,-1.5560676900133854
53.74473966375836,-1.5494054077364652
53.81798850139847,-1.5160852975847159
53.80927965039697,-1.54613235869057
53.78279320082151,-1.5585288573893843
53.78279320082151,-1.5585288573893843
53.78279320082151,-1.5585288573893843
53.85386625746358,-1.559864363937628
53.85386625746358,-1.559864363937628
53.79853768234087,-1.5363950897786371
53.90025070623103,-1.493174719869859
53.821331065338796,-1.5777348446375368
53.820537681034,-1.5130179249206341
53.82710507616845,-1.4699166926154972
53.828073486683785,-1.5832884106631222
53.82426789743847,-1.5620581863651504
53.91527111731156,-1.7107475424042742
53.840377970035085,-1.4612994482211872
53.79938735508251,-1.5446905122497645
53.835822031730785,-1.539265892174586
53.835822031730785,-1.539265892174586
53.835822031730785,-1.539265892174586
53.80208942294929,-1.5706096783070331
53.815823844552504,-1.6021218902646623
53.7567925523674,-1.6222450976813898
53.81322604242781,-1.5208634216393992
53.83646262184374,-1.6194927546256859
53.811366835703886,-1.5234511769400763
53.811366835703886,-1.5234511769400763
53.77547067192674,-1.5150113323457222
53.802370397405085,-1.4865508720059795
53.80207123024965,-1.5705491305404773
53.80207123024965,-1.5705491305404773
53.90681908882571,-1.5257603361680798
53.90681908882571,-1.5257603361680798
53.74057304918157,-1.3554006560259795
53.84405176109175,-1.5337648952337857
53.77761986108394,-1.5694632761156408
53.79018994435586,-1.5254518676476905
53.78999904120606,-1.5249075752430166
53.852995122735486,-1.3790015841992118
53.8653409554803,-1.6986987042595192
53.810403910748406,-1.5559458239380701
53.74932775561703,-1.6040693266555743
53.79102555848587,-1.575777342470315
53.807318032841174,-1.5361464255387474
53.807318032841174,-1.5361464255387474
53.7541094841476,-1.5701433945748713
53.842685116342196,-1.533643287125352
53.745824336727225,-1.5681657291532385
53.745824336727225,-1.5681657291532385
53.80369127288363,-1.5326485640390421
53.85620490484447,-1.5908690927205151
53.816167177141665,-1.5191287809908547
53.87037989908802,-1.704624075157419
53.87823333016803,-1.6597118363641536
53.81020925343206,-1.5149447549873511
53.79341783020484,-1.5943945609262118
53.833118939500615,-1.6398381859790983
53.90532527770756,-1.3776628390212118
53.83109898043162,-1.5547850755917898
53.7583975099779,-1.525051754732637
53.796523789862185,-1.5339275382105584
53.80964274183745,-1.5171077248084952
53.79248864381024,-1.567671692718711
53.79248864381024,-1.567671692718711
53.79758917153033,-1.597329960977833
53.797526104426325,-1.3314970096843015
53.76599613218816,-1.5328546528214597
53.77461140409017,-1.5457779025881544
53.79277248002414,-1.5353960253372676
53.81921563568329,-1.6197856128259367
53.80177706553361,-1.6676034476209298
53.79709387801245,-1.5970462525562075
53.87346927480963,-1.4853310302029792
53.87346927480963,-1.4853310302029792
53.80889067692978,-1.5526512904896046
53.84347908804379,-1.4673998249163667
53.75372701206694,-1.5146550580158809
53.85164002770338,-1.5206834677091088
53.77457157681961,-1.5400427605199591
53.80858978462365,-1.5167705465473431
53.828220536414186,-1.5664381018604379
53.828192472570784,-1.510072938705783
53.804209288801914,-1.693290898732146
53.804209288801914,-1.693290898732146
53.81438786455525,-1.532863774191363
53.79766940778634,-1.4499896231031422
53.812109182711815,-1.6352494764268493
53.72343441085364,-1.4303170285081444
53.72343441085364,-1.4303170285081444
53.8041029975765,-1.5757365319424925
53.790914388092894,-1.4959197843352798
53.81683783557781,-1.4357650871621557
53.86141915876267,-1.6835220600917131
53.82669446523715,-1.582177859008264
53.80156443968864,-1.4978722326802663
53.80156443968864,-1.4978722326802663
53.80156443968864,-1.4978722326802663
53.80156443968864,-1.4978722326802663
53.80156443968864,-1.4978722326802663
53.79138634230345,-1.551410566553391
53.79893706690651,-1.539745968521225
53.797327184407514,-1.5889825597497862
53.84710226737249,-1.534688599640638
53.8148985396045,-1.670506932544888
53.8148985396045,-1.670506932544888
53.8148985396045,-1.670506932544888
53.8148985396045,-1.670506932544888
53.8148985396045,-1.670506932544888
53.803787172999606,-1.6664487659132814
53.79647180860419,-1.5344290997464112
53.849579659405585,-1.5801260626634743
53.7985285876473,-1.5602462908712562
53.7985285876473,-1.5602462908712562
53.85902696549982,-1.5294782451773985
53.844073866596496,-1.5465770630977913
53.844073866596496,-1.5465770630977913
53.770004319413715,-1.5944987632665475
53.74832928739113,-1.547911277344662
53.739002723187426,-1.5913555832946826
53.739002723187426,-1.5913555832946826
53.739002723187426,-1.5913555832946826
53.88504926161766,-1.3607117056380533
53.8268952728153,-1.5006383950853561
53.818070937142465,-1.5836002349631115
53.84364583291945,-1.6653875681385253
53.868550365573775,-1.6682760964631096
53.72406062408653,-1.5672064901664853
53.797058946874984,-1.488771507883587
53.797058946874984,-1.488771507883587
53.87588122464066,-1.4798105605773682
53.87245805782883,-1.6643061175082616
53.87245805782883,-1.6643061175082616
53.815674041654916,-1.5171903167775485
53.8246415169102,-1.667255532939305
53.763552302820884,-1.5330941355522774
53.8427473209413,-1.5334602188583444
53.783747268903596,-1.6026225070270375
53.783747268903596,-1.6026225070270375
53.783747268903596,-1.6026225070270375
53.79418057909847,-1.3884170422803723
53.80208625611134,-1.6203352505231954
53.80208625611134,-1.6203352505231954
53.887699474172955,-1.4338987746810328
53.887699474172955,-1.4338987746810328
53.887699474172955,-1.4338987746810328
53.887699474172955,-1.4338987746810328
53.887699474172955,-1.4338987746810328
53.887699474172955,-1.4338987746810328
53.887699474172955,-1.4338987746810328
53.82232791802782,-1.4166269056546696
53.82232791802782,-1.4166269056546696
53.81651839683143,-1.6778758707555026
53.72630107752908,-1.5507543108921236
53.81057305116162,-1.626743221726234
53.73005384994868,-1.6196805463122304
53.811059158215265,-1.471440301236381
53.811059158215265,-1.471440301236381
53.86467587153611,-1.6712870970172433
53.86741108730821,-1.592995253898833
53.79783573069746,-1.6964040854995748
53.88146557196376,-1.777168337354412
53.79513797243941,-1.5645931079528679
53.81044422783778,-1.517493365720261
53.80622919878878,-1.5109211140153607
53.80960339534132,-1.5509580482604675
53.88052971391425,-1.7864524418363734
53.88052971391425,-1.7864524418363734
53.88052971391425,-1.7864524418363734
53.88052971391425,-1.7864524418363734
53.747286308139586,-1.5478163218682197
53.824950392208024,-1.5473607370833808
53.77605507937711,-1.5378263190413843
53.77605507937711,-1.5378263190413843
53.8404601428885,-1.3408590970738474
53.8404601428885,-1.3408590970738474
53.81315397619589,-1.5732152098229144
53.798218304713494,-1.5282458697987453
53.84474183638875,-1.6314399760436977
53.84474183638875,-1.6314399760436977
53.7805568870416,-1.5688869103453769
53.7805568870416,-1.5688869103453769
53.83193865765089,-1.5207563619135152
53.81438792366441,-1.5328789613891896
53.77286368778613,-1.5791770130926543
53.862814291850555,-1.6708911341782566
53.8042123873832,-1.6394328640068208
53.8042123873832,-1.6394328640068208
53.8042123873832,-1.6394328640068208
53.75405400477689,-1.598216319270935
53.81088057909458,-1.5254916925663342
53.78669428740666,-1.4046600412423875
53.79675221490352,-1.5490153947733922
53.81545716900482,-1.642708200880497
53.779651231415656,-1.5242656279548576
53.779651231415656,-1.5242656279548576
53.779651231415656,-1.5242656279548576
53.779651231415656,-1.5242656279548576
53.75015992954273,-1.6056689588010555
53.79971293023355,-1.5646064769732024
53.79971293023355,-1.5646064769732024
53.78258094325153,-1.3190924397724348
53.78258094325153,-1.3190924397724348
53.753683335126055,-1.4806231210541554
53.874374998727276,-1.6750286887276924
53.89295147501252,-1.5614321541623932
53.883605202212465,-1.6524269256436679
53.883605202212465,-1.6524269256436679
53.80383971162723,-1.6121504328194174
53.781150121229594,-1.6000367888393627
53.820051616978766,-1.4997323771282667
53.805193437598014,-1.6880450883786593
53.83868799689213,-1.5342955413604602
53.81076330606863,-1.5732546657007305
53.8234783384333,-1.580052699220553
53.82171432937829,-1.5593353202195837
53.76848422620638,-1.5301417309685696
53.77604694940278,-1.574501952619113
53.77604694940278,-1.574501952619113
53.80316168673925,-1.6137206119797565
53.821402303847,-1.343573415413748
53.771944641359006,-1.5165692088348401
53.795822414132694,-1.5455640645762636
53.82753117216584,-1.4586535576365691
53.74615220408498,-1.6314080587198543
53.8079758525078,-1.5805720022547283
53.796165104086356,-1.5988313534989074
53.83807314328685,-1.6526670238995198
53.804336187566236,-1.6667177265715112
53.804336187566236,-1.6667177265715112
53.79758847168632,-1.6611084076461842
53.81515831973646,-1.697494062705016
53.74369571704403,-1.6247278059577914
53.77734791822996,-1.5236695082552305
53.794422357320215,-1.615592170367568
53.80740589859932,-1.4505152209002572
53.80740589859932,-1.4505152209002572
53.77777017385942,-1.5304629657713296
53.80052499569797,-1.5832122065454102
53.80052499569797,-1.5832122065454102
53.80052499569797,-1.5832122065454102
53.79535598345932,-1.5340922878200132
53.76949960667183,-1.5187364878996121
53.76217698975053,-1.561642270406844
53.76217698975053,-1.561642270406844
53.7931138147004,-1.397859503271255
53.80022401451867,-1.5448940125846726
53.77503083264661,-1.5379286066027664
53.77503083264661,-1.5379286066027664
53.82710507616845,-1.4699166926154972
53.810466683851004,-1.443762779165385
53.81216986353656,-1.5219689286052467
53.793244096486305,-1.3471553104108192
53.751200658196254,-1.539554856574502
53.80325310298829,-1.5593769606155552
53.80325310298829,-1.5593769606155552
53.775918454294434,-1.549162764170053
53.823644460654464,-1.4719048328824094
53.72819624906006,-1.4711003513396916
53.809932414527765,-1.6117905087051032
53.927082352654395,-1.3858675238766187
53.79704068699226,-1.5304907718563256
53.77721438824617,-1.5448393481827665
53.740338799801926,-1.44904005471101
53.79689009033088,-1.5403452660734114
53.74555287080247,-1.4531720512485113
53.85054271504354,-1.4571559393291873
53.73260772941853,-1.5620861892945477
53.73260772941853,-1.5620861892945477
53.73260772941853,-1.5620861892945477
53.79594841917594,-1.5408868982120885
53.81306482568873,-1.588874269281744
53.79846890341535,-1.6276097384764059
53.762108981191666,-1.5726859827971689
53.79962867859832,-1.5467071738792117
53.804554205235156,-1.5326693415794717
53.81162194200932,-1.564574268606439
53.77012452358148,-1.4019206967233055
53.77012452358148,-1.4019206967233055
53.77012452358148,-1.4019206967233055
53.77012452358148,-1.4019206967233055
53.838126911728764,-1.60058855596149
53.728107439545134,-1.4754363053039095
53.80509837829561,-1.6826401420259485
53.76765840217703,-1.5539693821184495
53.78256363129901,-1.5848622084450805
53.77452650161047,-1.6224046378176966
53.79655015372725,-1.4688899976122614
53.75928490961484,-1.6687730387382937
53.80635683873532,-1.5026134510189515
53.84383888048862,-1.34235631140415
53.727243286071435,-1.5527449205735517
53.87628738758937,-1.7670658686532266
53.87628738758937,-1.7670658686532266
53.81737581277771,-1.5157126285315732
53.866036703873284,-1.6895546210320078
53.80175280397675,-1.6653413404824526
53.861877486692514,-1.5275304446384983
53.80855702690208,-1.4935670731977109
53.85040714801242,-1.5135987243180298
53.85040714801242,-1.5135987243180298
53.85040714801242,-1.5135987243180298
53.783227695982,-1.5768424288924299
53.79773277543418,-1.4824172960321047
53.79773277543418,-1.4824172960321047
53.74927648624896,-1.4557016725336966
53.88686883206156,-1.6466185338869646
53.78952446243175,-1.5462696054087623
53.8515981444132,-1.3444693459022128
53.77751956197271,-1.5843504992401287
53.77751956197271,-1.5843504992401287
53.82659821504139,-1.471153665460501
53.801052209339325,-1.582326367581916
53.774001905019325,-1.5462245037444038
53.851991122950366,-1.4654676370940616
53.851991122950366,-1.4654676370940616
53.78208744701335,-1.5981156866827555
53.78208744701335,-1.5981156866827555
53.87148929733288,-1.709908803283191
53.81968096776194,-1.576232449643274
53.79595357975874,-1.546974497704019
53.77510973320568,-1.5397485805612068
53.78910027996488,-1.5364080159817777
53.7891221357592,-1.4176946432695996
53.7891221357592,-1.4176946432695996
53.78913186272344,-1.6055770363923778
53.77044168119624,-1.6355649901192897
53.81230276470063,-1.5790556878865816
53.87495589677131,-1.712516112241636
53.870494648206396,-1.7149191374837656
53.870494648206396,-1.7149191374837656
53.870494648206396,-1.7149191374837656
53.870494648206396,-1.7149191374837656
53.8042933861009,-1.5326266876986268
53.808798137218005,-1.4662447873555902
53.808798137218005,-1.4662447873555902
53.814996734818806,-1.4535599259141694
53.83690763335913,-1.5049110020989092
53.80418470053606,-1.5684017667870334
53.885118424542966,-1.623676232326939
53.885118424542966,-1.623676232326939
53.7457679318471,-1.59582374180146
53.7457679318471,-1.59582374180146
53.78624473710045,-1.561012139379249
53.832346063954475,-1.5469771622762307
53.84135334638721,-1.5872295981519886
53.82071618539894,-1.5423935997105092
53.827015700607944,-1.5058479712427555
53.863344305109706,-1.6981656401784269
53.82444228205995,-1.4573261192634435
53.77936812390673,-1.3458227214314487
53.79662892747646,-1.5332280270840077
53.78070087753794,-1.4825357420659009
53.79115949320715,-1.513934891687706
53.78366795472447,-1.385580017832764
53.78366795472447,-1.385580017832764
53.78366795472447,-1.385580017832764
53.81964987844928,-1.5315901050917833
53.81964987844928,-1.5315901050917833
53.81964987844928,-1.5315901050917833
53.81148180459759,-1.5229790824921081
53.800111682667605,-1.5413576616537694
53.75007101319609,-1.6343460414327031
53.75007101319609,-1.6343460414327031
53.75007101319609,-1.6343460414327031
53.796368827491655,-1.6620746524263543
53.75004284718417,-1.6339520067994824
53.75004284718417,-1.6339520067994824
53.75004284718417,-1.6339520067994824
53.7814383439271,-1.5591652831243978
53.79356848239848,-1.5911141645104792
53.85660138237222,-1.5630891485312388
53.858185194892364,-1.5100269229331706
53.858185194892364,-1.5100269229331706
53.858185194892364,-1.5100269229331706
53.858185194892364,-1.5100269229331706
53.85282648497178,-1.4653505854255569
53.85282648497178,-1.4653505854255569
53.75772567782276,-1.6245876697678163
53.81647786376862,-1.5987894029525713
53.81898867225734,-1.5144788802253653
53.82227744686978,-1.4596023118738015
53.802309481644905,-1.450475538186758
53.79662880937104,-1.5331976655200386
53.811458336017466,-1.542342513476296
53.73305985301112,-1.4963844407261784
53.73305985301112,-1.4963844407261784
53.788096485687106,-1.5710105215954533
53.82803272820458,-1.566698316997233
53.82803272820458,-1.566698316997233
53.82803272820458,-1.566698316997233
53.9014943518194,-1.373808326382419
53.74545564735662,-1.6213156387571703
53.790551454345476,-1.5398073539554116
53.79957876768857,-1.533681128275199
53.817464581474056,-1.53128030334691
53.77817328408232,-1.5683953826528763
53.74970725884412,-1.6388833701461958
53.81819924739675,-1.5740601434651025
53.74499480274072,-1.5984543173069354
53.809334444847316,-1.591401249847121
53.74527717348357,-1.516632589121102
53.74527717348357,-1.516632589121102
53.74527717348357,-1.516632589121102
53.74527717348357,-1.516632589121102
53.74527717348357,-1.516632589121102
53.74527717348357,-1.516632589121102
53.79345938054512,-1.3470760664907582
53.864751597181986,-1.6827366301638023
53.833483001325625,-1.6536014603919262
53.82938383106809,-1.7001112511733194
53.847775718932745,-1.4966508616405692
53.848044305320165,-1.6044158156982202
53.848044305320165,-1.6044158156982202
53.848044305320165,-1.6044158156982202
53.848044305320165,-1.6044158156982202
53.74525185037366,-1.452205527828654
53.74525185037366,-1.452205527828654
53.74525185037366,-1.452205527828654
53.84620528381649,-1.6054818951180947
53.797307856466105,-1.588588025747995
53.80780878972685,-1.5103560611464804
53.80512701236937,-1.548470042377752
53.81461399234948,-1.5173239968595449
53.80109358162124,-1.5395857199440366
53.83574689453717,-1.6011278356503609
53.79793109765133,-1.5470139256587245
53.7951851059831,-1.5317563194427901
53.79116578715162,-1.5850353841995493
53.809606353029814,-1.5541622866587514
53.83515825003325,-1.6365385157237042
53.940318301034,-1.3940822129994288
53.79729263664298,-1.5893928016876298
53.83197400913395,-1.5094818413860829
53.801726391997285,-1.4936341570238238
53.811294639763645,-1.4718473832760899
53.77103103758331,-1.5794380854667622
53.77103103758331,-1.5794380854667622
53.80548798618245,-1.4596511030816155
53.80548798618245,-1.4596511030816155
53.80548798618245,-1.4596511030816155
53.80548798618245,-1.4596511030816155
53.74680019320232,-1.6590452790239931
53.74680019320232,-1.6590452790239931
53.815098381838304,-1.6429542589434274
53.70606656837001,-1.557423130162939
53.80088578873413,-1.5254678277461684
53.77584631700176,-1.5396343092152405
53.80665400360644,-1.4511931934378788
53.83365698624491,-1.473921424825112
53.83365698624491,-1.473921424825112
53.83365698624491,-1.473921424825112
53.7861465555248,-1.39399783224179
53.80999738561631,-1.5553882264184644
53.83865263798415,-1.6046410464174077
53.81600174580895,-1.5653035079387614
53.74566374430799,-1.5710028626904986
53.79348593672882,-1.5906291982496936
53.85769861490921,-1.4634792858450076
53.801657293947436,-1.487941258141135
53.81036126017895,-1.5351864779728603
53.797485791572115,-1.575165647692648
53.800214566175114,-1.5447726530293173
53.80402410702012,-1.546781266158077
53.81070102523369,-1.5347271256959527
53.81070102523369,-1.5347271256959527
53.85546992419342,-1.6131785943908539
53.85546992419342,-1.6131785943908539
53.90121789655703,-1.4633939358960004
53.80650967046123,-1.5113734021005787
53.7804992255007,-1.5805120023299837
53.77434385324045,-1.5439599830629926
53.80572182222639,-1.6838805782315132
53.801419642982765,-1.5332507700547526
53.801419642982765,-1.5332507700547526
53.727718486204616,-1.5244121975828955
53.84408445869381,-1.5081700748998577
53.79854036390683,-1.4779589828465376
53.77472801449025,-1.5457159502275486
53.804057359273955,-1.5228962874127931
53.73230694603944,-1.4990309749037853
53.77696296281255,-1.5449027643028177
53.76108508307338,-1.4339488619469656
53.76108508307338,-1.4339488619469656
53.79908662974077,-1.5555794871657314
53.79923880177392,-1.555410873167686
53.91256700196987,-1.385897737651209
53.7990158256955,-1.5415366174005367
53.73642720434665,-1.6005673254148363
53.733203615643546,-1.5227435126345785
53.80460294700141,-1.5222219865448412
53.847780051844644,-1.4070468231948212
53.81327373257654,-1.4561338277154
53.81327373257654,-1.4561338277154
53.81327373257654,-1.4561338277154
53.81414989451916,-1.455104906155331
53.81414989451916,-1.455104906155331
53.80104764746525,-1.5232189115298997
53.80346049439296,-1.6957257696164558
53.79635379066264,-1.534126779324776
53.75846313490916,-1.607866379794389
53.75846313490916,-1.607866379794389
53.75846313490916,-1.607866379794389
53.75846313490916,-1.607866379794389
53.899469436637155,-1.5473627533540417
53.810571454040335,-1.5245991794470184
53.810571454040335,-1.5245991794470184
53.810571454040335,-1.5245991794470184
53.810571454040335,-1.5245991794470184
53.810571454040335,-1.5245991794470184
53.727855655262246,-1.4572362439844468
53.86636555399936,-1.4742108378380374
53.86636555399936,-1.4742108378380374
53.86636555399936,-1.4742108378380374
53.855892355318275,-1.6187997483433278
53.855892355318275,-1.6187997483433278
53.855892355318275,-1.6187997483433278
53.84348807554189,-1.467399710906362
53.7321789148128,-1.5753085799874111
53.76683605504301,-1.5456038793162976
53.76683605504301,-1.5456038793162976
53.75097772460441,-1.6002019301824035
53.78726357604216,-1.5063301526026796
53.80632954717049,-1.511284385684546
53.813887312873916,-1.3434022319307655
53.797604442165124,-1.6572369406883816
53.808825105052236,-1.6112388577832204
53.808825105052236,-1.6112388577832204
53.75706296242051,-1.474453897431181
53.75706296242051,-1.474453897431181
53.75706296242051,-1.474453897431181
53.80434773831359,-1.523591467303206
53.79656350792469,-1.53955940175012
53.76615268041113,-1.4167077063336633
53.79967230487404,-1.507596478964647
53.79214846692069,-1.5485182762144925
53.78781125664467,-1.5666724554359732
53.82920115544591,-1.4996690047830266
53.73325451819037,-1.5619885197916246
53.73325451819037,-1.5619885197916246
53.90862367980141,-1.7237168447880438
53.879240071866995,-1.7266180031734273
53.79107817255923,-1.538875647140459
53.82288361890296,-1.4525459002939554
53.79804897221723,-1.5618150444947057
53.7995353106316,-1.5481656980900271
53.742135748038805,-1.6063353408843883
53.742135748038805,-1.6063353408843883
53.817464522160186,-1.5312651150402061
53.817464522160186,-1.5312651150402061
53.817464522160186,-1.5312651150402061
53.817464522160186,-1.5312651150402061
53.77609709988921,-1.5347455306117308
53.79495422739503,-1.5465298359383033
53.84685987712579,-1.4656697724182006
53.79848828701155,-1.4783847293999508
53.82667180344676,-1.5344895128660216
53.77226512282237,-1.5802147339695307
53.77226512282237,-1.5802147339695307
53.898264936614915,-1.5473301091910243
53.898264936614915,-1.5473301091910243
53.786539239827185,-1.4042068986196121
53.77210207794848,-1.403758838854846
53.776819929043,-1.5474839382563224
53.776819929043,-1.5474839382563224
53.776819929043,-1.5474839382563224
53.80523813667311,-1.452122751596814
53.7539144586979,-1.5324274939976492
53.796955407585386,-1.5906561597767714
53.7978386005084,-1.5887194711229526
53.85113420760818,-1.3929838813985476
53.79353087539098,-1.590628760956312
53.80685720006818,-1.5768324401377984
53.77423588541123,-1.5439308060163504
53.81849831927753,-1.6174985186459154
53.79267899575211,-1.6185074719829586
53.79267899575211,-1.6185074719829586
53.861877486692514,-1.5275304446384983
53.815362092063985,-1.5089770730518586
53.82466833430985,-1.5634212526963556
53.82466833430985,-1.5634212526963556
53.74434812560156,-1.4876978295615035
53.81452502504351,-1.6007520879464119
53.81452502504351,-1.6007520879464119
53.81452502504351,-1.6007520879464119
53.81452502504351,-1.6007520879464119
53.81452502504351,-1.6007520879464119
53.883560043830656,-1.6523512356961996
53.883560043830656,-1.6523512356961996
53.73943084323815,-1.5360903278812787
53.81120963914574,-1.502434539773607
53.80873707545174,-1.52439213529981
53.81874093086449,-1.5405923764468945
53.784740744359986,-1.5504949001590271
53.74900933220145,-1.4785122461688385
53.87527004487424,-1.3589747612212753
53.80038859780333,-1.5958911635832684
53.80235720427521,-1.656575689812921
53.80235720427521,-1.656575689812921
53.80235720427521,-1.656575689812921
53.80235720427521,-1.656575689812921
53.829747937865456,-1.6278795276369507
53.80991226932177,-1.5843036775019947
53.795645844428805,-1.6021457725576784
53.795645844428805,-1.6021457725576784
53.795645844428805,-1.6021457725576784
53.80868048932282,-1.5894030851247152
53.81880120094742,-1.493048703715276
53.86289877831571,-1.5548886892883844
53.72634185752449,-1.5150764000892396
53.793738828410355,-1.5296623436946326
53.75048045465074,-1.449696001472231
53.79474376120413,-1.5338258153414681
53.79474376120413,-1.5338258153414681
53.82421799676812,-1.6668639113252395
53.82421799676812,-1.6668639113252395
53.82421799676812,-1.6668639113252395
53.73231593375005,-1.4990308681030167
53.81247633455775,-1.4979697006151735
53.81247633455775,-1.4979697006151735
53.81247633455775,-1.4979697006151735
53.81247633455775,-1.4979697006151735
53.78764474560966,-1.536545479110957
53.808173080025234,-1.524960383247502
53.84816383812139,-1.404685374965296
53.79683560462535,-1.5569240618734292
53.74428790467632,-1.5054691157576192
53.74428790467632,-1.5054691157576192
53.78727256367976,-1.5063300471471632
53.79579198078708,-1.5791146615681841
53.79579198078708,-1.5791146615681841
53.83842310479326,-1.6059045171292077
53.86041526494031,-1.5282463166099183
53.8561692650182,-1.5909606577862443
53.81224109440818,-1.5084516081517076
53.73883997247366,-1.5990587284910842
53.80643753635867,-1.582758794861736
53.83662437635345,-1.5398953180871893
53.82229218427776,-1.4960447346173693
53.82921354976824,-1.565151625685429
53.84489290636975,-1.512461895659153
53.84489290636975,-1.512461895659153
53.90814001644187,-1.6946921526407417
53.78078959434977,-1.5234787977807644
53.74382257711909,-1.501623322678979
53.811098135061236,-1.542164194899189
53.84019555172954,-1.5501598827932452
53.84019555172954,-1.5501598827932452
53.84019555172954,-1.5501598827932452
53.786242920740385,-1.5274087734158042
53.816538703257585,-1.6406941174527943
53.82711478006844,-1.625092252162406
53.829606683594115,-1.4913685866923205
53.7567216831732,-1.6197280126818658
53.799070134263474,-1.5076035294193901
53.81815463236237,-1.5741517307479918
53.83575347340676,-1.608588783706626
53.819096363731795,-1.4617545759746684
53.85276391262912,-1.5344890232898394
53.85276391262912,-1.5344890232898394
53.80849971986619,-1.461814330103146
53.799544269547695,-1.509252871326358
53.81247633455775,-1.4979697006151735
53.81247633455775,-1.4979697006151735
53.761754331628765,-1.4974217237247374
53.761754331628765,-1.4974217237247374
53.761754331628765,-1.4974217237247374
53.761754331628765,-1.4974217237247374
53.81313121955572,-1.5173865857128008
53.78370352654948,-1.5307761831622817
53.8106865271505,-1.5173994655031744
53.72162558667463,-1.5455455347338105
53.78115489679704,-1.5387567453138549
53.78115489679704,-1.5387567453138549
53.8142259205957,-1.5445146107100731
53.81353381159177,-1.5124763821593856
53.78631472819497,-1.5507816399463337
53.73353192114906,-1.5616521469326463
53.75101191343346,-1.6334128162753065
53.80433428496191,-1.5224679868930993
53.80433428496191,-1.5224679868930993
53.80433428496191,-1.5224679868930993
53.80062362152133,-1.507251316300049
53.825697642584515,-1.552487560854325
53.825697642584515,-1.552487560854325
53.75850449889358,-1.6293585326432967
53.81189994819155,-1.671745380825073
53.801165708999235,-1.5686756786211482
53.801165708999235,-1.5686756786211482
53.86659444208161,-1.6695232998880287
53.86659444208161,-1.6695232998880287
53.85777627549842,-1.689342049882599
53.772553434724344,-1.5652667258293764
53.772553434724344,-1.5652667258293764
53.81968096776194,-1.576232449643274
53.77559731608236,-1.452539006845894
53.79861253372719,-1.5610804306747075
53.79861253372719,-1.5610804306747075
53.80098834338345,-1.4976665491123033
53.8339022303931,-1.4543624364115537
53.79958992247931,-1.548347301342517
53.7659889718593,-1.6403214918411904
53.76583669850305,-1.579656836002719
53.83830731309844,-1.6201750803739856
53.76565661432514,-1.52877761843958
53.77696296281255,-1.5449027643028177
53.815101702780154,-1.5624878304462742
53.793916364338536,-1.498054618627035
53.80148026446857,-1.4928172270919975
53.786713165903926,-1.6135832361952
53.86220095096232,-1.5911907632106275
53.80444681717704,-1.5688090509599875
53.83008704186448,-1.5859576885672824
53.80910398481041,-1.5083819872556627
53.79280639346681,-1.5660593434976826
53.79280639346681,-1.5660593434976826
53.83211544367748,-1.5045268529267035
53.816924826633596,-1.5695468113978615
53.80911291021132,-1.5083666969179161
53.80911291021132,-1.5083666969179161
53.86888880319087,-1.7013497508470794
53.86186215629966,-1.5663490697684395
53.86186215629966,-1.5663490697684395
53.77419123525458,-1.5440071564188298
53.74344888824033,-1.5931319427202182
53.77932725842656,-1.5744080912508729
53.80569338322456,-1.520691123872528
53.72246078117082,-1.5222437446626327
53.72246078117082,-1.5222437446626327
53.72246078117082,-1.5222437446626327
53.72246078117082,-1.5222437446626327
53.79534952875178,-1.5536758086708535
53.835830961021856,-1.539250598614874
53.819007077501084,-1.5145849943485998
53.773276366416184,-1.5468847634845073
53.7971587977376,-1.5018265169419835
53.795469374396006,-1.6815590253978847
53.795469374396006,-1.6815590253978847
53.80165774741048,-1.4880475356118537
53.89168546086738,-1.63431399569098
53.743830475485275,-1.549036069043752
53.738291057206496,-1.550702336690635
53.79717038906583,-1.5599720402586725
53.756767006829904,-1.6198489396276188
53.807155671674934,-1.5850901909896113
53.82180174043845,-1.5735831063113543
53.85281254278587,-1.5149846151529107
53.81420784490688,-1.5397762180828458
53.808425173317644,-1.6476425417295526
53.808425173317644,-1.6476425417295526
53.748324067010586,-1.5513080709312932
53.79628936969867,-1.540731363577505
53.76903536796156,-1.5472490061656226
53.76903536796156,-1.5472490061656226
53.76903536796156,-1.5472490061656226
53.76103588233726,-1.5040438152028484
53.76103588233726,-1.5040438152028484
53.82965636380787,-1.6048472537421319
53.852197324466296,-1.6903258192499562
53.83828339604757,-1.5160794182364146
53.83828339604757,-1.5160794182364146
53.80349064272149,-1.5250436505215397
53.791978049380425,-1.496650847885018
53.83562519005629,-1.6546626749346802
53.817410909347224,-1.5177323555916389
53.817410909347224,-1.5177323555916389
53.82220432659166,-1.513970814447903
53.73874565029632,-1.5473015258533576
53.73874565029632,-1.5473015258533576
53.80815881723303,-1.4539980815374198
53.73774364689338,-1.612804265469662
53.80287326154181,-1.4499367387467115
53.77820320817088,-1.544874179498141
53.757005578234704,-1.4736659198205238
53.76422995184515,-1.5294003730906829
53.81235560318465,-1.5490606354986458
53.7979091676747,-1.6538033641075744
53.81449883069687,-1.572275095657307
53.776282815808564,-1.5827997824701006
53.740185125452285,-1.6008349374512054
53.80865535073769,-1.50856946308677
53.80533845223144,-1.5693161829388182
53.81543305075647,-1.519851027413698
53.81543305075647,-1.519851027413698
53.814975423950244,-1.5314143778364915
53.791815891378356,-1.5781525817109598
53.81591417467291,-1.6022577305450614
53.81591417467291,-1.6022577305450614
53.79635030403428,-1.5240767712380054
53.79462675323122,-1.587809670896548
53.82927453136225,-1.5849173645869246
53.8150746290546,-1.56245773607505
53.78452038645311,-1.5146945543412502
53.78911830320783,-1.5803805394034467
53.81401764675937,-1.5836859491314785
53.78182447600656,-1.5470051979973773
53.75149013299498,-1.4483937686096338
53.912021278186245,-1.6905992829355503
53.85816803328841,-1.6137162632492308
53.85816803328841,-1.6137162632492308
53.85816803328841,-1.6137162632492308
53.85816803328841,-1.6137162632492308
53.84074074496066,-1.594727914973594
53.76677791020562,-1.5638396313889071
53.77720276457314,-1.5709546337439901
53.818539809430526,-1.4519797246442987
53.83039403677752,-1.5863648905413126
53.801847231989875,-1.6904840392094176
53.80741523375159,-1.4505910258493344
53.796415890297645,-1.536236300427136
53.832735926044414,-1.614892204772749
53.738756191738894,-1.5798359619061173
53.78587457437832,-1.56056067497364
53.81819924739675,-1.5740601434651025
53.839165271301155,-1.621474243669925
53.898719367779115,-1.4283473272996285
53.826587356576795,-1.623137162339587
53.8289312689966,-1.5495360411200978
53.772568004585956,-1.5085053106793322
53.85302192185355,-1.6929344388031893
53.82060049658359,-1.57701306160008
53.791731494025626,-1.5243415418121233
53.73015131925335,-1.549243015046746
53.838442128534155,-1.608974034203401
53.812416528691706,-1.6073177517129862
53.8225507697522,-1.4180973278988547
53.80731891943706,-1.5855137676044817
53.81703801234403,-1.5890176735487966
53.79857790967535,-1.5398409917054938
53.79668144626781,-1.6027432344319323
53.79668144626781,-1.6027432344319323
53.76508593170307,-1.558320091710239
53.73106978483825,-1.576835529547326
53.90681908882571,-1.5257603361680798
53.77849139931412,-1.5219114539277583
53.76188093602567,-1.4997562271848108
53.796614138098015,-1.5340479885241523
53.75658854741205,-1.620260057447046
53.79809730557759,-1.5294769666208625
53.7387105574372,-1.5475293109605006
53.827442291524434,-1.582702161526465
53.827442291524434,-1.582702161526465
53.79654317285576,-1.5412903041546842
53.812350173993565,-1.5476179184654968
53.848248279301984,-1.5358615059638594
53.827244087376,-1.5825673977785701
53.79758447067592,-1.509154284768451
53.8007107770661,-1.5428997844993226
53.87086287972965,-1.6825535476747975
53.8244429798425,-1.5632412964412747
53.8184316229951,-1.5123132415734841
53.81432524572679,-1.5446350370118656
53.811131607867324,-1.6129639931729753
53.78303943521136,-1.5769809103897034
53.804048009419894,-1.5228052887549517
53.796163159465834,-1.5477313034686415
53.81899759841569,-1.5144635875670844
53.78154630800493,-1.5591945041862434
53.80870933806257,-1.552228017864625
53.820537681034,-1.5130179249206341
53.78643888092948,-1.3258145303474045
53.78643888092948,-1.3258145303474045
53.80097162333006,-1.5549066990896487
53.80097162333006,-1.5549066990896487
53.74703989286625,-1.6611662277180632
53.77867435494396,-1.5227136487659523
53.762343419204726,-1.5728959707826422
53.76981552589787,-1.5563891819333
53.801773047253306,-1.6597537533636442
53.81074252657747,-1.5112482701793861
53.81074252657747,-1.5112482701793861
53.81074252657747,-1.5112482701793861
53.81751222336832,-1.4693238140330473
53.81751222336832,-1.4693238140330473
53.829525557756696,-1.4891969185963132
53.78902169146692,-1.5232337765377744
53.73465800386776,-1.4568606367014834
53.79511279001147,-1.5316508582238935
53.77095838709562,-1.5896041464262023
53.84075851509751,-1.5946669540550018
53.84075851509751,-1.5946669540550018
53.81263230481054,-1.4514644463150976
53.81263230481054,-1.4514644463150976
53.82291747559339,-1.5614494324829769
53.82291747559339,-1.5614494324829769
53.80868048932282,-1.5894030851247152
53.82445181416623,-1.532189809559981
53.80182191831221,-1.5563704797484381
53.79670182595149,-1.5451902084343536
53.79670182595149,-1.5451902084343536
53.79793412008693,-1.559903322716288
53.73572872184963,-1.5751667041518251
53.73572872184963,-1.5751667041518251
53.79627303060545,-1.5506601127282067
53.79627303060545,-1.5506601127282067
53.79461286770254,-1.546579058008277
53.79461286770254,-1.546579058008277
53.801371791284,-1.5394763920290726
53.801371791284,-1.5394763920290726
53.801371791284,-1.5394763920290726
53.81135820441931,-1.6336158277145225
53.81922866652538,-1.5857001155882633
53.81506092809761,-1.5943832015290402
53.73352780190754,-1.5629861530326055
53.73352780190754,-1.5629861530326055
53.73352780190754,-1.5629861530326055
53.73352780190754,-1.5629861530326055
53.80417812100839,-1.363035340566719
53.80417812100839,-1.363035340566719
53.80417812100839,-1.363035340566719
53.80417812100839,-1.363035340566719
53.79496851173465,-1.533838505352439
53.814577515163165,-1.5844397989648165
53.814577515163165,-1.5844397989648165
53.807981428965235,-1.5152437983569775
53.807981428965235,-1.5152437983569775
53.80584001060702,-1.6308243655642067
53.842314809830874,-1.5401673235674354
53.85327378718717,-1.462866964843007
53.81389430512797,-1.6253620362311292
53.78102786138638,-1.3146861872256261
53.85282648497178,-1.4653505854255569
53.85282648497178,-1.4653505854255569
53.84426692881815,-1.6036762715576198
53.80904420288178,-1.5528470737605584
53.81247162217548,-1.3491651513497838
53.73321007658427,-1.5720845800626466
53.85766901204283,-1.5003634971254065
53.82923855374447,-1.6288260155465053
53.906344792702676,-1.692087202203614
53.807587075233535,-1.5359916033754257
53.79024728434984,-1.5642642452408582
53.83816772105374,-1.5163694840867867
53.82862598481822,-1.5377951272763901
53.8083959994668,-1.5748124455418198
53.77761900755353,-1.5448804964434215
53.79183334171792,-1.550768253003368
53.79183334171792,-1.550768253003368
53.82804662913414,-1.5833190625660076
53.85022186893728,-1.5538374516944493
53.762019041153195,-1.5701536844650272
53.741787886046524,-1.5073330156225668
53.741787886046524,-1.5073330156225668
53.83471662357075,-1.6512816272619357
53.813062890113386,-1.5250418114593738
53.813062890113386,-1.5250418114593738
53.80147788948484,-1.4965219601844797
53.80147788948484,-1.4965219601844797
53.937490420500076,-1.3754174851760985
53.76212695671017,-1.572685800417677
53.798550396106336,-1.442235182415844
53.7834658401526,-1.6357254048179912
53.79180674356564,-1.5781071344315196
53.799849469930344,-1.5362743512186516
53.799849469930344,-1.5362743512186516
53.797609783605466,-1.5596941715147237
53.797609783605466,-1.5596941715147237
53.82211406852431,-1.5436392006360375
53.782770958041795,-1.5290412913125553
53.85327378718717,-1.462866964843007
53.85327378718717,-1.462866964843007
53.7920021010717,-1.3824982059778408
53.79019385047662,-1.5474008191446533
53.76255720590643,-1.5673419040736694
53.76255720590643,-1.5673419040736694
53.773958503819586,-1.5302778834360924
53.8051856140152,-1.4766009734911107
53.76424727229242,-1.5624702259400625
53.80823411341708,-1.574783711421307
53.81417994418904,-1.553810023604946
53.72735349287513,-1.532161272372905
53.83648591954265,-1.6183376629095785
53.83648591954265,-1.6183376629095785
53.773191003663214,-1.511396078689717
53.80876173390481,-1.4521831313558218
53.817611940333705,-1.5163174688795884
53.742066093549525,-1.598876423750079
53.79536672254724,-1.618604546512017
53.77924634992266,-1.5310079785090642
53.807262862959625,-1.5646042267049949
53.73746105711867,-1.5064739821977786
53.89992827523692,-1.331705533749132
53.873564906519285,-1.7134077762819495
53.79759358249542,-1.509184542031125
53.79759358249542,-1.509184542031125
53.79759358249542,-1.509184542031125
53.810053664556584,-1.5658509715330047
53.78938030474661,-1.5367692220363858
53.73807757551183,-1.5968525773487248
53.79719735107537,-1.590441262783876
53.78867357538457,-1.5104421819957095
53.78867357538457,-1.5104421819957095
53.81533074529861,-1.3394610862583918
53.81885891111501,-1.4918176581306564
53.813151201680206,-1.6177294184557613
53.813151201680206,-1.6177294184557613
53.80239818455483,-1.5542235260791797
53.80239818455483,-1.5542235260791797
53.80239818455483,-1.5542235260791797
53.84290007522035,-1.5571828555068055
53.84290007522035,-1.5571828555068055
53.84290007522035,-1.5571828555068055
53.84290007522035,-1.5571828555068055
53.84290007522035,-1.5571828555068055
53.84290007522035,-1.5571828555068055
53.84290007522035,-1.5571828555068055
53.817928627982084,-1.5058029326910296
53.781172497768004,-1.5959846325964189
53.81655513276039,-1.5172561385645666
53.81655513276039,-1.5172561385645666
53.81655513276039,-1.5172561385645666
53.84551778490504,-1.5481269782582814
53.80516319152546,-1.5485303919171154
53.80516319152546,-1.5485303919171154
53.822301470998966,-1.4918519781809203
53.81346532746465,-1.533694152608525
53.817257870498416,-1.5154405873055852
53.81969937203749,-1.5763537820589364
53.74880279413829,-1.6167818118318444
53.822927752374405,-1.4703947423030204
53.81001787862447,-1.5658968998406098
53.78398811649555,-1.5758331107524373
53.81600174580895,-1.5653035079387614
53.76830565114144,-1.5036547598141754
53.76830565114144,-1.5036547598141754
53.79910578979838,-1.5632463539827224
53.76717217317971,-1.570980988333192
53.737633735564486,-1.6121685498197658
53.737633735564486,-1.6121685498197658
53.74908189028867,-1.6085754180770488
53.81944552003879,-1.5009547687960656
53.81944552003879,-1.5009547687960656
53.74595732443245,-1.6041009917962656
53.74508592429313,-1.5160131055009323
53.74508592429313,-1.5160131055009323
53.81230639617666,-1.5674375375840868
53.79186836345683,-1.5751920157461625
53.728355688668564,-1.4685368394783498
53.814320418730944,-1.638283033436584
53.8088637439368,-1.5089770456933647
53.779590647800404,-1.5529172484166474
53.830403129139924,-1.586395188250447
53.79328452953741,-1.5591474153491183
53.73237734362654,-1.5780502247321233
53.80535591436712,-1.5793074474613398
53.806425585533276,-1.3716416117068315
53.81598299228044,-1.5626153529891817
53.8046889647924,-1.5467133627865035
53.80766802275388,-1.536005895440787
53.80766802275388,-1.536005895440787
53.76116055844317,-1.5713759354794203
53.76116055844317,-1.5713759354794203
53.76116055844317,-1.5713759354794203
53.800560893824155,-1.583196667972562
53.80600767076851,-1.683210301018257
53.93818454591873,-1.3862834113571543
53.75803532028837,-1.6173348625659523
53.88089274787633,-1.5066127334576127
53.81528564697055,-1.6079136641424183
53.81573862274613,-1.4390301649627728
53.813277295055094,-1.5338784879300473
53.795130646827175,-1.5316202976035103
53.815056598355355,-1.5624427356829111
53.776435652844604,-1.411299741371498
53.81389430512797,-1.6253620362311292
53.776030258190396,-1.5407248253540502
53.80695635982769,-1.5129170993515566
53.81520077084375,-1.513505030267798
53.821331065338796,-1.5777348446375368
53.826276903557584,-1.516445602697772
53.85622462693414,-1.6048100147378501
53.85622462693414,-1.6048100147378501
53.79777420943969,-1.513812903077437
53.819147044085334,-1.5752049437974294
53.81677786714614,-1.5167675408999324
53.83288759020041,-1.526595438084111
53.831191856041784,-1.6356460030080346
53.79771446015513,-1.535022617576588
53.80606460197848,-1.6337226885018712
53.821622373673215,-1.5971149156331557
53.80933501593004,-1.4947573993601289
53.801728963326056,-1.492115795368675
53.73883794498584,-1.536172656386063
53.797225873110406,-1.5603965456160664
53.77959081743104,-1.5529627724387467
53.77959081743104,-1.5529627724387467
53.868077930190594,-1.7230409921276097
53.7947079239581,-1.4335875346843623
53.82171887064866,-1.578110709920058
53.895209962033924,-1.6754302236437102
53.74888548718802,-1.6317025997237231
53.80680533915495,-1.5748740858115347
53.81763421343776,-1.5085252339202722
53.81763421343776,-1.5085252339202722
53.747080163704084,-1.6263050021105498
53.747080163704084,-1.6263050021105498
53.706098432096105,-1.5563169323919466
53.77858633737013,-1.5439898913894357
53.805519091148014,-1.4914474417625538
53.77770113178417,-1.5695686669257936
53.76887964284242,-1.636185363045345
53.795785863308296,-1.5903335566161145
53.73669799790595,-1.5955468680886808
53.82512661528551,-1.3919620806051562
53.813326802424726,-1.6709293094044921
53.81515464021413,-1.60360146904212
53.81515464021413,-1.60360146904212
53.81515464021413,-1.60360146904212
53.7844768595022,-1.559315577182154
53.74826882912711,-1.5485639774954385
53.824940430496405,-1.5471025861443537
53.79904521385326,-1.6081865258145172
53.89643226537612,-1.6230724771648772
53.836880227841206,-1.6443039323229633
53.821319104223484,-1.444591313086014
53.822971863615095,-1.605624082942817
53.90226519100605,-1.7031514007388244
53.844938559647964,-1.549455516313363
53.844938559647964,-1.549455516313363
53.80764981261775,-1.5359453547380224
53.80764981261775,-1.5359453547380224
53.80506518378801,-1.5487592113359845
53.78657497036854,-1.3260400189519768
53.79511279001147,-1.5316508582238935
53.79511279001147,-1.5316508582238935
53.71390296216753,-1.5522348337168166
53.79512869668947,-1.5334268459461236
53.78138098564294,-1.370938171792116
53.77005848715388,-1.5236457809585282
53.797868413142346,-1.5470753282803116
53.79790467102248,-1.5354000621490436
53.791525427061075,-1.5672565629610615
53.78412839608102,-1.4916604732776042
53.796449772414775,-1.5619986990767003
53.796449772414775,-1.5619986990767003
53.796449772414775,-1.5619986990767003
53.796547362137815,-1.5616485109013505
53.73227862271073,-1.496560514110475
53.72522771205259,-1.5846083896913261
53.72522771205259,-1.5846083896913261
53.774375500841586,-1.5596489297241203
53.79749232217236,-1.5403538663098568
53.80745515019969,-1.5859224282350675
53.797152153372146,-1.5903657949016625
53.797152153372146,-1.5903657949016625
53.80249432482713,-1.7011077059106565
53.80249432482713,-1.7011077059106565
53.82098835765386,-1.577404103380196
53.73414438799916,-1.533404739750606
53.76227467743052,-1.5687555254945482
53.804242178283445,-1.5333257295053329
53.804242178283445,-1.5333257295053329
53.784446806321675,-1.5609246562841366
53.85815517334621,-1.6599962582915444
53.85815517334621,-1.6599962582915444
53.85815517334621,-1.6599962582915444
53.85815517334621,-1.6599962582915444
53.85815517334621,-1.6599962582915444
53.76871820341354,-1.5302149767393118
53.79625315576665,-1.5313648970011866
53.81533893605173,-1.451732886056237
53.71854770950966,-1.5919325872398562
53.81016023211812,-1.5556750441466405
53.848484550678286,-1.6043660672770144
53.811795498355046,-1.4795105034694747
53.8164589161222,-1.5315345362691741
53.813446939119466,-1.5335880439977831
53.8145793048744,-1.6008578876064354
53.795967766219135,-1.5703837283587263
53.795967766219135,-1.5703837283587263
53.81511057972337,-1.5624573618557087
53.80852742149681,-1.5169079350767725
53.80578391434376,-1.5808975606017717
53.80578391434376,-1.5808975606017717
53.80578391434376,-1.5808975606017717
53.780479695340134,-1.4093462047954841
53.780479695340134,-1.4093462047954841
53.780479695340134,-1.4093462047954841
53.780479695340134,-1.4093462047954841
53.780479695340134,-1.4093462047954841
53.78683117687845,-1.5193730537058252
53.74960104680335,-1.6394301993052287
53.74960104680335,-1.6394301993052287
53.81073808297215,-1.5563827033228774
53.780814583878986,-1.5680647825254883
53.780814583878986,-1.5680647825254883
53.780814583878986,-1.5680647825254883
53.786082266411896,-1.3779255312481349
53.81877713042717,-1.5313568013385332
53.81877713042717,-1.5313568013385332
53.81877713042717,-1.5313568013385332
53.81877713042717,-1.5313568013385332
53.71617426850035,-1.5349975489524648
53.814625070810024,-1.5698741203007658
53.76586775311668,-1.5582815507719199
53.81392837626086,-1.4558064141812326
53.897863011505585,-1.6566154063999003
53.849235774352955,-1.549713408049261
53.805663054267534,-1.6753320785332448
53.80633343278561,-1.684043014649088
53.80483145642512,-1.539286657985868
53.772291502006546,-1.580047572066986
53.90242777015011,-1.3616032352477094
53.801081057854695,-1.6013807583191584
53.901767398769294,-1.3727388692240703
53.7698801029424,-1.5172453025458212
53.91794353708131,-1.313177744224079
53.828135565057444,-1.5115473080177055
53.706093643691744,-1.5574531438523358
53.80593692562994,-1.5369360865760853
53.84411775271304,-1.610273858128386
53.8345012268225,-1.651389780648719
53.79562120761365,-1.5470236205935965
53.79562120761365,-1.5470236205935965
53.807684035538394,-1.6493039566791263
53.767624762242654,-1.5545917477510682
53.82981859084187,-1.5033384675788974
53.80739607657681,-1.4503331246475264
53.9065178099681,-1.6894678896400468
53.72111665264955,-1.539368095627251
53.78903372332468,-1.5642160986604854
53.8043162645944,-1.6150006610619991
53.80129453703233,-1.6686245248652063
53.80129453703233,-1.6686245248652063
53.73681976895452,-1.6078554860797771
53.90779945337448,-1.4120578488844016
53.90779945337448,-1.4120578488844016
53.88200815158613,-1.7187504403273344
53.76853524633999,-1.5528981035081366
53.76853524633999,-1.5528981035081366
53.79638965775353,-1.489903065335494
53.83653810560422,-1.6177901393034064
53.812367313843176,-1.3498198191003008
53.812367313843176,-1.3498198191003008
53.812367313843176,-1.3498198191003008
53.812367313843176,-1.3498198191003008
53.75749787184352,-1.5701088179575433
53.75749787184352,-1.5701088179575433
53.79942128851267,-1.5441587595327295
53.8082143582624,-1.6849703869513428
53.71849070111273,-1.5297441302839723
53.931593423385266,-1.3839432015813953
53.931593423385266,-1.3839432015813953
53.931593423385266,-1.3839432015813953
53.74874510568003,-1.5414317188294273
53.74874510568003,-1.5414317188294273
53.8054088130094,-1.5713957505448701
53.77684440936143,-1.5687731909398017
53.80085335147857,-1.5473164749140536
53.73068109013124,-1.403056416696072
53.805082392873295,-1.5782017181029795
53.795123960373864,-1.5462547501960449
53.73363031558568,-1.5215563006943607
53.74831603141824,-1.636544878533887
53.74831603141824,-1.636544878533887
53.778992401421704,-1.3494554389173694
53.82906885816203,-1.4588160602768458
53.80480728958984,-1.4522498415448586
53.72802246833079,-1.4827732285786792
53.81534544951499,-1.4531604973298509
53.77630936334385,-1.538506361530918
53.795169780810994,-1.5862862622859315
53.816347311158665,-1.5894193286005573
53.7464532015511,-1.6212763487771413
53.79951798228554,-1.5555597466383249
53.79951798228554,-1.5555597466383249
53.75417685027556,-1.3960048431798024
53.75417685027556,-1.3960048431798024
53.75417685027556,-1.3960048431798024
53.735594763784576,-1.5754106046316092
53.79858616027749,-1.4781557827334626
53.78001420577876,-1.5806078888076096
53.741477909164125,-1.4643838692556308
53.74749525025618,-1.6126540198283215
53.72834964530181,-1.481526352265581
53.83753845392443,-1.505313864176599
53.821331065338796,-1.5777348446375368
53.75107007166988,-1.4729060008180044
53.79378135914678,-1.6530024110879347
53.74852677994344,-1.47709279082988
53.8102844362936,-1.575081887919654
53.77012278270852,-1.521733396710294
53.76517020558508,-1.5285099999863934
53.83276209785785,-1.603602484349903
53.87200020103702,-1.709327343315488
53.77584643344721,-1.539664655806308
53.79972346152656,-1.5552235593412207
53.80553784644113,-1.6232499023807867
53.79962470956113,-1.555254968698463
53.79962470956113,-1.555254968698463
53.77820429704363,-1.519790243832585
53.80009139367023,-1.5550678414980093
53.76641398285514,-1.4168406217910727
53.92760789063573,-1.38669740956931
53.745479469868776,-1.5430138806814977
53.81553566975798,-1.518543663152226
53.82297018481986,-1.5786754027705967
53.799637829489626,-1.5491362776056445
53.80214596043755,-1.549261221906743
53.80569260499705,-1.5804884842451468
53.83783087310232,-1.640587991733885
53.8007869731295,-1.6302462200538015
53.822229836975,-1.538655398630368
53.84548243925007,-1.5341745831331712
53.77559362443172,-1.5759328737814866
53.768271088165285,-1.5641579305130084
53.82619786698391,-1.4579718980619656
53.82293841241516,-1.4566923299772472
53.82293841241516,-1.4566923299772472
53.825089807922254,-1.4634096576334648
53.81247633455775,-1.4979697006151735
53.863550889883456,-1.6162364611392186
53.863550889883456,-1.6162364611392186
53.863550889883456,-1.6162364611392186
53.826707486981306,-1.663577846125439
53.84008612698136,-1.542608074270218
53.793731897782415,-1.3746093062928562
53.783194131985844,-1.5338323572893469
53.81525168509784,-1.5172103565472714
53.81525168509784,-1.5172103565472714
53.809880699991346,-1.4941433909689894
53.809880699991346,-1.4941433909689894
53.844819411821575,-1.473766364144446
53.728352074776616,-1.5560373461733268
53.728352074776616,-1.5560373461733268
53.748889491285254,-1.610214936224104
53.748889491285254,-1.610214936224104
53.82638731943227,-1.5352978510942612
53.797754080178734,-1.5132817707819899
53.733403096932186,-1.543978518519912
53.79782416788659,-1.5401680573676981
53.79782416788659,-1.5401680573676981
53.79782416788659,-1.5401680573676981
53.79548660875034,-1.5330129882008299
53.797914367886996,-1.625595461978075
53.8213937459937,-1.4961314617383794
53.79205125782562,-1.5489595329208685
53.89939104636608,-1.5112953558344009
53.85405877383535,-1.5914524916324422
53.85405877383535,-1.5914524916324422
53.798293931377586,-1.4770966634573617
53.82815967711332,-1.5900483530325789
53.796084545930015,-1.6210573912577553
53.87884071336742,-1.3330152405114455
53.81242196429762,-1.4978640397995406
53.79791359990437,-1.5353847816172033
53.838058722107995,-1.593659655281569
53.82739714191197,-1.5826418398271198
53.81882280759473,-1.5408497021372738
53.82459953590994,-1.6058822545840623
53.796471063895396,-1.6632731545503738
53.816734946005404,-1.517269261948196
53.79769546559042,-1.6838498005774536
53.81957144403236,-1.4695408459961687
53.825191876113045,-1.6056184398457158
53.7993031973477,-1.4436978970094465
53.800169714231345,-1.5592422557177414
53.797461918395015,-1.5301824348611737
53.83348942977839,-1.6144294557966685
53.77703369702653,-1.568922995197023
53.81044973616607,-1.5233704545097577
53.82004324340177,-1.497727407001706
53.79149310462922,-1.4266330025475615
53.799567416957416,-1.5844059282195682
53.83811346407676,-1.553403826869096
53.83811346407676,-1.553403826869096
53.83811346407676,-1.553403826869096
53.80941605990286,-1.6943615017232085
53.80426517308796,-1.6390528080858828
53.77472801449025,-1.5457159502275486
53.73316224723349,-1.581453039170398
53.79588150640167,-1.5469297304746232
53.88398450845135,-1.5065915621010508
53.74339192900021,-1.5083452970191915
53.80349525259008,-1.4953438253669442
53.776862217937676,-1.5396990696758377
53.79589460931577,-1.5409178478837895
53.80802663915344,-1.643560984138944
53.80802663915344,-1.643560984138944
53.90691951255402,-1.5261549558588887
53.774952874952355,-1.5529361590191797
53.753349177825086,-1.5326764212756692
53.753349177825086,-1.5326764212756692
53.77467437549066,-1.5457923966150118
53.77467437549066,-1.5457923966150118
53.77467437549066,-1.5457923966150118
53.82441509390379,-1.5319927291283535
53.82441509390379,-1.5319927291283535
53.82441509390379,-1.5319927291283535
53.84343024197223,-1.6089123900790576
53.77615836648709,-1.5366416093443882
53.7628505162565,-1.5614835675996206
53.815597940586755,-1.5320149694860368
53.83689946968321,-1.615553046606526
53.83689946968321,-1.615553046606526
53.79589548640366,-1.5318394983859172
53.7806652129532,-1.5238444224772119
53.725219406559425,-1.584805495230898
53.799878908771916,-1.4819505855171191
53.805757769937784,-1.4758953512022503
53.805757769937784,-1.4758953512022503
53.805757769937784,-1.4758953512022503
53.82495985078487,-1.5333994874440822
53.71550487755677,-1.5338988160407756
53.80397637199884,-1.5183723445865027
53.84437126088045,-1.5467866333143436
53.81237146244594,-1.4653641184049688
53.81237146244594,-1.4653641184049688
53.800327754953464,-1.629976968033528
53.79264296535927,-1.568095146149811
53.79264296535927,-1.568095146149811
53.80109282693069,-1.5232791315324492
53.86659325679983,-1.6998910401820895
53.77466252497516,-1.375272035835637
53.79921517762183,-1.5419595505312964
53.81767326152176,-1.515921847753081
53.81767326152176,-1.515921847753081
53.764860657845205,-1.4838833455415015
53.846111700914314,-1.4899678938373282
53.73758879636292,-1.6121689632441463
53.92411501996103,-1.3821041180076794
53.92411501996103,-1.3821041180076794
53.75992374323224,-1.5774406217896533
53.849524239994004,-1.5064798794425303
53.739077796907836,-1.5471918338417248
53.906366929604374,-1.6937156987536417
53.73757980852257,-1.6121690459288878
53.81096732276489,-1.63512270322069
53.81048234485938,-1.506968713776575
53.88084306357467,-1.7280070445505342
53.88084306357467,-1.7280070445505342
53.80572633348216,-1.515467199815178
53.80572633348216,-1.515467199815178
53.815997332749866,-1.3889349588561324
53.802995747302305,-1.6794674386348294
53.76050404889383,-1.5613259776482906
53.856247883175946,-1.460654861533536
53.83338369208181,-1.5932794267582444
53.83338369208181,-1.5932794267582444
53.83338369208181,-1.5932794267582444
53.75146010614908,-1.610221486786727
53.80391137663482,-1.6723847219201515
53.77432157448982,-1.5596494938170256
53.80146200074901,-1.5636166467453796
53.80811118362736,-1.4534064601656578
53.7967510898399,-1.532285419506616
53.76245048625743,-1.5271600607213176